# Created by Octave 4.0.2, Wed Dec 21 16:04:23 2016 CST <superuser@min18x64-vm>
# name: B
# type: matrix
# rows: 3
# columns: 3
 0.4798511510119493 0.2250766659805726 0.3157602916323028
 0.3908341936446011 0.3179845008530705 0.9376273695311186
 0.7925598550775137 0.2801772927715121 0.8846505044267063


# name: D
# type: diagonal matrix
# rows: 2
# columns: 2
0.58999124877846
1.285090355043158


# name: E
# type: matrix
# rows: 2
# columns: 100
 0.0004646108026210571 -0.5811618948217812 0.2380139481261161 -0.648271284318354 -0.6999231970804149 -0.09442760601962569 -0.8861075003920043 0.02659221377745657 -0.7877361534088523 0.4222087458757369 0.7946202628473626 0.7680960181208463 -0.09865039184575564 0.08490569456223529 1.011935916216175 -0.3681289191553828 0.9800430429911511 -0.6335631329192666 -1.423921376964662 -1.150705686108579 0.1972068354318132 -0.7041769983326021 0.6709906195934215 -0.05654210124758319 0.291513779178064 1.207912541775115 -0.2167204508727638 0.1002403471689695 -0.4401017089080773 -0.9157870401221715 0.06579149145785076 1.108337369104822 -0.5619714244969037 0.9050266291110487 0.5853676347092055 1.11056758697673 0.328242108559077 0.003543756537125575 -1.366848238695161 0.249184522041765 0.7335495977701455 0.04074231326985045 -1.973903631320784 -0.117263289834334 -0.1463475170650412 0.04802495405630561 -0.3775982496560533 1.541686753213018 0.1872540019710227 -0.927761289961518 0.4859197699610671 -0.1157212576398377 1.206928728572468 -0.3883034099777768 -0.04394951250445203 -0.4564882385627429 -0.4767752047125009 0.02584545599616517 0.9776507366822729 0.963649943477858 -1.165928146304112 -1.230721066222743 -1.461002834120668 0.05581453993277619 0.1301020758696202 0.1672325621425272 -0.7571868230108829 -0.6621386789516905 0.3787130359010382 0.5241063340792309 0.8203651113618716 0.7302533886825742 -0.3706046051186526 -0.8332255621335675 -0.183716732004593 -0.09787831359096333 0.6425921385648413 -0.6956219890817679 -1.033930897568471 1.034040409907181 0.8858439510302907 -0.8602088200635067 1.338512748019659 1.006589533773157 1.326861063086535 -0.6779335102944977 0.6829307575759186 -0.169816779099652 0.9618494570370704 -0.09335155597988043 -0.9812946255793111 -0.652847083983163 1.230661140668944 -0.1076719099982263 0.107155659330779 0.7596123320956997 -0.2761899525536962 1.017272290602809 -1.349211642104279 -0.843228224888142
 0.318693459608685 0.7810062851371922 -1.884669884198488 -0.288004017656232 0.1840561223660439 -0.3698469734687263 1.481293002222181 -1.554641245182794 -1.207574667397974 1.007475373871247 0.07242209725662541 0.3045541423886009 1.112495923644268 1.758097050522468 1.495549013239927 -1.526442146204152 -0.6193451779820357 0.9836357152052464 0.08787966393722746 -1.740105795028337 -1.663434065403762 -0.369486876856522 -0.3458470903498749 -1.723166200946028 -0.9664921324697517 -1.702596015817753 0.789677956022041 -1.528225058959084 1.071299875024839 0.3254199007493392 0.4885861457111794 -0.3109679918014663 0.6188507277901554 1.223863907269392 0.2158674432983123 -0.3015918314513467 0.02965782291550884 1.97294688288135 0.6902505460523651 -1.641236499999266 -0.1344843600123948 1.994643118014371 0.4208709234357568 0.08070749314720058 1.361076248289602 0.5086269083677781 -1.372703795408855 0.6889217172273294 0.01043556993473747 1.437837106653192 -0.6715730611030364 -0.3219613350526432 -1.459670424806237 0.7890162474683085 -0.225734367836431 -1.644160096953984 3.200700515498504 -2.109643441871663 -0.2440175650106352 0.1122438297848208 1.036174785070905 -0.7911560187057909 -0.2774777919158601 -1.667488259765624 1.569791329347042 0.2761020613199784 0.3569953599649716 -0.3302949272358957 2.479648883392736 -0.8847888806294112 -0.2016606418273076 1.499144168638829 -0.6610584306800742 -0.1480229833914252 1.066857594752094 -1.069112202913921 -0.9669009087640905 0.1385225687179565 -1.528576815263216 0.9028737920991446 -0.9344960169116401 -0.9830522376058504 0.2944770078616902 -0.9661809827990487 -0.4373020538141577 -1.80523958206144 -0.2487830596141959 1.103729173059682 1.033661941350085 1.580754422179023 -0.9761816030549221 1.50280152566586 -0.1349069913110034 -1.449661018563171 0.7212431009707057 -0.6624870936343197 0.2414669918410042 2.301443713986855 0.3012171127163236 -0.9731136481788778


# name: V
# type: matrix
# rows: 2
# columns: 2
 -0.7327234890479596 0.6805264789832829
 0.6805264789832829 0.7327234890479596


