# Created by Octave 4.0.2, Mon Jan 02 17:52:31 2017 CST <superuser@min18x64-vm>
# name: P
# type: matrix
# rows: 17
# columns: 3
 0.1651500591756383 -0.0473192975851944 -0.1090692724320162
 0.1893266930773892 0.1452781956327204 -0.1353311507154684
 0.282983654288637 0.5771538307945095 -0.1242353780853759
 0.2458355008478759 0.3911235160551336 0.173170931299683
 0.2290375648313247 0.1606317963851085 0.3892694072126074
 0.1763017410481515 0.0232397586331731 0.2936375544297811
 0.191602504980921 -0.1543296183259888 0.3071244224388362
 0.1827837486110996 -0.2413521896677812 0.2272616511204416
 0.1672855866445813 -0.2586617646367332 0.03505104083043745
 0.3653041146809839 -0.2592187908751762 -0.5558587687372881
 0.3238883385894464 0.09751203125921087 -0.3406191559501063
 0.2777877896562631 0.1454046284380604 -0.08361778035511376
 0.2108902473795514 0.07575963298252267 0.06516821957394626
 0.251785468816961 -0.009764882828224929 0.1982610001578978
 0.2499784810308967 -0.1565719868030963 0.1931710345623268
 0.2512476994301008 -0.2773572857604317 0.1398492277525891
 0.2563543419690475 -0.3318609522298164 -0.08361670999503094


# name: Px
# type: matrix
# rows: 2
# columns: 1
 1
 0


# name: X
# type: matrix
# rows: 2
# columns: 2
 4 3
 -4 5


# name: Xp
# type: matrix
# rows: 384
# columns: 3
 132.3376247669676 -341.8831269595674 -470.6028418225175
 691.8567873542083 -373.1273362880993 -614.2759558548115
 -960.2820197908609 35.81008454401979 -164.7985543135267
 -403.9465643785165 -250.3954000392623 -67.59016451723397
 -790.4522225109472 -113.1415472393334 -120.8875939186151
 -380.3974482037941 -220.5213232026234 -225.394789135328
 -219.6148563393756 -472.2145184355897 -137.6333834425023
 -490.1635126207947 -220.3142429105159 -128.5519678555717
 -855.3240885339826 -113.0846804833134 -70.32170665084216
 -581.4997442188576 -159.8830154784962 -60.22141647838481
 -533.9912732452585 -163.4478283354278 -319.2850952489426
 -296.0948483872752 230.1057701175152 -6.551049834310303
 1539.586574630296 -1171.597721768835 -800.5479788058691
 1112.49248731882 -807.3743523771187 -1063.482646863969
 -631.0026266014241 -134.3277339128089 -231.7096215083346
 534.8033675829095 -474.3653736877204 -287.0027770734469
 1237.618994489699 -635.7300819265523 -100.716949904094
 2629.733198366213 -975.7365832095269 -144.6025795243739
 1006.503510294139 -675.1890204098636 -199.6919806287515
 12.28762702775121 -416.1614562167941 -298.1765213551232
 1415.037069639869 -621.238383152557 -222.5090051833624
 -271.770105199787 -137.1276588263501 -107.4950774798633
 2109.521399465742 -391.0326201941327 -612.792943114421
 -980.1031210871142 -48.27865087421112 -187.5058545633718
 122.5582111240031 -319.5054681000001 -145.9965260112177
 541.0421961732279 -421.4289515880465 -362.0223652854629
 2350.187201007223 -787.6351666170193 89.57514057550898
 -621.9142287994181 -102.6326593375756 -269.482431433417
 -443.6324837563252 -187.37169317581 -131.462743559892
 4037.584119478111 635.2402266053261 352.2456991912111
 1166.184922715888 412.3024749542574 -274.7965892323831
 -378.8670340018715 -534.1918871489175 -44.21072826022125
 988.4386590322481 886.6779229733969 77.14625733070643
 -554.9607678122961 -210.6491142676277 -91.19003159346195
 674.7856682195837 -558.1472361996821 -515.0924751061266
 475.0100570883919 -561.1000085289091 -823.5625289005324
 -593.3284740495529 -135.2807231068953 -227.5288969789411
 -1098.745914248593 -46.01732486538772 -148.9234825270038
 15.04028570565645 -354.2635325936772 -669.4638525243765
 2050.690069831854 -716.8070909514487 -649.0383207767528
 44.26389604178546 -236.1646537559607 -231.5212791780092
 -293.8077406139679 -497.1541065100378 76.39538073766592
 -1036.955251224347 -148.1522496070817 -95.71063878552327
 -594.4223626265033 -146.8037507693347 -143.4876607660189
 -1166.904234750026 -108.7875079171973 -73.77054784927165
 1376.426588431058 -471.0925508474051 -734.7781452241024
 -599.4745459170664 -235.3146007412645 -430.9879592339342
 -708.7441471632108 -56.74717949152238 -120.9010588022658
 713.0261154102348 -509.563035657364 -373.1501721567662
 -450.301140822316 -247.2701516418186 -368.4356714672974
 -1085.937849693547 -81.66834957578867 -138.4262874389777
 512.0094883636676 -584.4960562254248 -216.1008094590835
 -795.8523939862448 -125.3822616186129 -218.9307869023687
 -78.07960074122981 -386.4229639772308 -362.2529826985349
 -705.1779980370292 -163.4733436465997 -180.756220780539
 -563.9956339542739 -455.1274837235824 -125.5947215446172
 -210.2407331142973 -269.8325135441896 -316.534799596119
 -174.6097398516195 -169.5777261645178 -222.5234665483987
 1941.528838580625 -759.6009048876861 82.02722177613055
 6874.91396830239 -2745.130489735388 -833.4572720833763
 1131.616187072669 -333.1964141558486 -415.4368238344186
 -631.3479733220264 -35.63803845777518 -120.7138032044128
 -234.9767341445243 -53.73138855533178 -129.3073278460838
 3146.765291005462 139.5327841525102 -242.1893310551065
 -217.5339828407309 -77.37386587484974 -459.6428735434665
 20.46750235924914 -669.3331802477901 -118.996887288547
 -137.7868397457485 -151.6329847961772 121.0054058547002
 -359.0544240277446 419.8110485630409 -358.6581932507944
 1817.203100222707 822.0168371526617 -471.4704918248977
 -96.42148637578705 308.0908318536794 -344.4476704911693
 197.4768868582037 928.2004965642784 -154.728730014613
 2745.530539302124 1693.229227418705 -28.55304893985668
 2611.792010557237 922.5780834389773 -74.06629117929219
 -806.6995129468482 214.9905124316143 -66.93737156762259
 1788.117872096998 1245.022281902257 -548.019761437658
 1619.348558407622 1051.6393844991 -177.2204188081534
 -398.5519401727047 249.1064419697411 -163.1473364035641
 -632.964939998119 204.2425163021892 -116.3003491043312
 -806.8228335472912 134.5193960425611 -80.88103438655618
 -511.7704421210381 243.7504006291306 -118.0806433247017
 -735.9251844756687 76.30500345218586 -122.5537874911177
 -601.1273235489914 25.25669398508808 -21.69431188880708
 -1126.411550528715 78.32165690581228 -51.51516795667554
 -992.1079495957853 115.3569093577102 -132.2812474831632
 -342.510792422386 300.9454326149244 -123.3291488766976
 -959.6494364999006 258.0587283753247 -114.1770583113903
 -1138.517027535444 20.13810305132682 -116.2882029453874
 -379.4670303794471 294.892305219754 -130.4357055271954
 1573.234279206071 699.7629399491369 -87.4377335441999
 1647.161755890445 -19.06102222206591 -788.3835764188842
 -998.6530592938248 65.57251509268956 -62.95455012790772
 -10.67063870684921 150.0753693945011 3.51450028939877
 -218.8361591734341 376.9956276970753 -253.8202560025246
 -690.4778138311754 326.6344181505879 -285.1357890825719
 -445.5330816191362 333.2321594164691 -266.0496436204141
 -681.691172212193 310.9903958896983 -134.6154024463523
 -253.1965474089698 117.3890004370366 -36.82030940045438
 -378.795710689855 292.5146870639891 -251.4868166210723
 79.63752538432806 151.3849373990058 -174.8194946930278
 2939.071089295549 1258.629260112112 -581.7352838420363
 373.3501558097814 776.1255527111874 -219.6072749204521
 121.8843817291347 470.4502247054931 -314.6191891938583
 1903.089707439488 1073.624394008098 -182.5631872222195
 3146.490126461064 736.4621273901869 292.5201399480308
 -67.68099036826661 629.9959011738981 -233.6572882998557
 -1208.825422508781 92.25867573311621 -88.38259830739388
 267.2226539927573 420.7024017985188 -362.7961513491468
 582.2929410016185 580.1590462830019 102.0395610213258
 2157.906772333812 143.6522429164118 95.75079825351226
 986.5241518459862 512.4509163377757 -253.8961743712676
 -701.6379482520397 308.5612192982294 -53.5837237881402
 -390.907353033669 364.3292205851498 -183.2091267962508
 -910.1900478711501 62.87549190353673 -191.862004944298
 -548.1082069028477 172.8532006738109 -139.3197081194712
 -89.02075820563991 481.2719932212239 -30.10148180625576
 457.3974810312689 765.7614622296363 -194.9429771563215
 -1064.14013490613 47.69763023624149 -90.97310983723951
 -899.3572646493255 274.497888095141 -157.7447778195124
 348.9107799064276 193.348794842446 140.2820296591426
 -423.6627692526484 -113.8183246424709 -104.4311665445429
 -315.7190434512335 228.8641591451734 -54.92217315428123
 1584.368949276113 788.2792981224579 181.4973507075661
 789.5294709676259 596.6669983293618 -613.4576369834829
 1074.217091417477 935.3892477908586 -529.0698262277934
 1370.748644849097 673.4878978863422 755.883021056615
 924.6083665966602 -434.8508397013118 -542.9565399733833
 5733.051338719153 -1007.952759935337 -2586.552655177093
 -412.6831162369224 340.4057246457506 -408.0473267676011
 -965.4921516467316 -92.95712567720777 -161.4388510883398
 108.6854859686806 260.6548266180395 254.33458026053
 -852.3728621306443 65.8891831993694 -101.6366307329368
 594.2736997652099 236.6075961826321 -199.3560574591134
 2656.580757326822 -269.4022520210098 -585.2544104621988
 -24.61977127476194 -275.4010545649163 -167.4880799835331
 -19.5943319459283 256.5741213748212 -70.28016659217438
 -519.2071273159536 173.3381830236689 -170.3988102650541
 -370.6212449284233 248.0915923966006 -29.46964568701924
 1449.057621020004 633.7652541837567 100.7512606007675
 -642.4462996705275 131.5091526804766 -117.1463994291112
 1826.422417351983 523.6596254635629 776.1513525289356
 -120.9347614960994 642.6130688497478 -203.5388357903403
 -628.1226146425704 145.1556735960362 -63.41475501427701
 -452.5079719101597 44.49590198346891 -55.2030388629091
 2985.574190017323 851.4108604858021 74.59526780982247
 592.090651032308 100.6821894398632 44.99873794276513
 -1211.196516397035 61.49731215983904 -126.9158227514498
 -333.9750594234874 66.01504313564267 -4.555162509683644
 -64.70371844450759 -201.0010093235741 -95.83848682857122
 187.7926423828037 146.2599348524313 -641.602625689686
 -1025.365925404524 38.49373270799431 -135.1101130865101
 354.80070831094 891.7614679579451 -511.8939538848244
 -1047.720650904427 65.23911290106894 -138.0147864507923
 -1061.033050660287 73.81768128174339 -135.402793317944
 2258.170511284023 575.7728940014088 -1008.473313225651
 371.4530211310653 472.4744235943694 -55.32836445258858
 -1042.665022679993 90.55960423885514 -115.0884376666571
 -1005.664206827709 79.08477809489756 -210.4064353719996
 -1073.496204238625 90.65315063834277 -143.6754996157339
 -149.50810914721 394.8640766307892 -49.585308721068
 -722.0556690802451 232.4673345923989 -90.9843261638284
 -9.343495765973756 268.2378297258877 -206.2482252449101
 573.7995441679616 413.8356460899611 -58.09497461530992
 -765.2904047713865 218.5654170433169 -125.1783950940594
 -446.8696161434861 185.5485168119245 -166.99532998845
 -267.4095301825918 567.3764862204913 -157.9660499840311
 927.6859370288782 1295.550963216615 -147.2571891896659
 -257.9604215517479 443.7695431871404 -83.85246473974416
 -40.3207483696135 347.2640216931561 244.5789117496653
 -755.7738894467699 357.062868504205 -90.6667979368859
 -455.2419969983619 356.3512220850177 15.47459191362167
 -881.1052076341516 128.1368045995379 -51.57022896681119
 -454.7866937759379 228.2474100188214 -230.2395473232218
 -1075.83232274926 3.308897786405751 -133.7140145980001
 -999.5863711400178 76.80280948045834 -63.25137681272571
 634.5251749579154 662.9385250706215 -334.2294514749711
 1877.384394317107 67.34773359860864 -58.79888007439703
 -1025.243768760219 73.8371764061319 -87.1275468876931
 1450.352564332195 112.5157659586809 -379.7953409203083
 4752.99553654958 3085.877165848504 6.640346827300352
 -981.9568371666851 -10.37805354424111 -131.4111941831885
 -600.9516902740863 -108.4430328693548 -162.5568653552509
 156.2250694823854 493.0443839472911 -238.9024600552491
 139.5159631379333 26.27685208618818 -118.3399603550982
 -854.6040058322945 35.33501212377968 -100.6557476082823
 -546.0414779237996 146.4289406488259 -55.20467720169816
 -1058.183332157115 51.77682697120376 -64.90327699985073
 -1065.15503198234 -20.67603243050763 -115.4728965480674
 -575.3030397090711 -99.34450479570384 -80.6953334458627
 523.8429581655005 -130.0999616928253 -159.0680391805023
 583.8533823424331 -374.6122970465491 -99.17740713414443
 845.9720233151313 -390.9923811001526 -106.0170978021221
 -1021.673057800487 127.5845654558067 -153.004950450278
 37.26615132444576 374.5521811039608 -18.86423422753059
 -168.4856296407911 243.697935726742 -23.22647550165937
 1099.105750765618 1489.485070611449 255.9735402786627
 -726.3009278310054 99.78165166216029 -17.31867979856941
 -1098.213897994449 68.03017188916841 -99.42154116932322
 30.98598453089647 186.2483113102778 -45.13575585874029
 -1031.381451822553 -29.90206215739319 -218.0710848770279
 -19.04106124941462 214.8403297801599 -151.3153059994058
 1086.730655025004 384.3852237037138 -103.0724985441577
 -759.9968051355077 101.4143198520153 -95.5615718710952
 -262.8022526570485 342.3161868254015 283.050654155037
 -769.8342684920957 105.7656987402796 173.5237400854201
 -1020.474486043298 62.73133806605848 88.03666076876962
 -1090.529041058264 77.16662548638519 -4.543720882900768
 -867.8006865620098 157.4857466715242 149.777827679068
 -319.5188769870307 37.25762673681947 371.3133458143681
 -681.9440429218849 163.6770310706709 124.7914006713955
 -834.3805210337355 69.95875564708757 164.7754823307332
 -974.9095922601218 65.43559341898333 -47.1708538497757
 -895.9008974547748 -120.3891898691432 90.47687502639413
 229.9382887095042 325.7185773463647 80.8388234307867
 -836.4905727573737 72.22541048490534 85.80492373821886
 -665.6295208231952 341.621859083563 -31.90550613968498
 1739.447799833934 180.6540008719331 -42.25755152682276
 -312.4388965329921 188.7611500130462 195.7811429471709
 4482.693140672195 423.0655086943397 1406.653212983289
 4169.106079163059 887.9703698179051 1462.198037969179
 -1121.343423266487 -7.642740150985077 81.34737441459768
 -604.4135939637329 431.52352785382 -6.792242573741154
 -326.7742607601186 270.5073915305287 -32.42864184929078
 -691.2769754889449 153.615429811423 -28.23044693039519
 -820.4339341650467 8.657066085439538 153.2279993471452
 -614.295747824244 -135.3313489851828 206.6301363031562
 -521.1467508994178 155.7986249318467 -34.92624757839097
 -813.6536073330243 -60.42942882993643 83.23032291405289
 249.9289737166553 105.1650426001241 271.0564614409267
 396.9916196711251 211.8349276156957 136.5827662427104
 -140.3567164230906 457.9141284755264 -145.8080577066536
 1088.40141921189 668.2017636610412 542.3150102955562
 -229.0748239640209 246.4376708094039 198.8147236067078
 -616.0695096834245 144.8656248893448 62.92297631491575
 -1045.849765426027 48.44937511645827 80.10954456342418
 122.104183103214 3.236626152913161 234.3068373464223
 1192.166178298592 250.4656294782091 146.5333558006174
 -683.0236144530744 -101.7050379005695 -163.7623825680915
 -463.9572124012946 114.4572456449172 103.9160672311693
 -49.66037491716341 -84.69406848170607 518.1205780050842
 -693.7810775951592 -41.47798134857898 -33.87822507436572
 -371.9246957319282 143.3520738006654 100.5981595609664
 -28.67247798925607 -159.7713326034397 301.911098986025
 928.0624256227048 106.5954633884751 27.37040371051823
 -741.6852268094132 164.6573857477435 -52.08255323127058
 -714.5384737600385 260.2963616777189 -73.64865786586221
 -967.3805133291605 155.2555743474694 -154.7171087849409
 -388.6799905731248 65.75997037595781 363.690135300467
 -1209.310279608038 0.5526646980426904 -19.01803528051784
 -1014.397258700754 11.06717216628179 38.53015668548867
 -474.6304347086449 44.18967062138806 237.8614475528476
 -622.2017900038825 156.6832950980614 -71.12830903378195
 -304.2308504010061 221.3148595422387 22.09669735571757
 -538.638503763459 58.79853124517033 137.4049199627009
 176.8707859762054 161.902701967304 548.3857402261475
 -719.9879443545162 -78.61338526251578 174.9889700091956
 -822.8115599407655 -74.941247230627 147.0051442077612
 -859.0876029657197 76.28242202448953 103.3064336241129
 -812.3263616380179 39.99237646941971 92.5128214617624
 -228.9383256962255 -77.80411011488387 319.5488223306032
 -1193.08957461577 12.71027553815247 -17.96462709017028
 -1073.061559013803 3.754475324441557 -12.16862328932773
 -858.0418527940765 -36.64427221682644 102.1480052828383
 -682.3957623078271 58.73624619283405 -11.551511367315
 2964.780632265606 651.5089953205606 -47.99161139466386
 -965.109456274733 90.99060566872669 -52.08097583644293
 -501.1103660248195 123.6949686801446 151.7662484097621
 112.8697416019938 72.87241315555251 71.91301773543678
 161.170261491422 -164.7270698539139 359.3119316807079
 -1233.041935428956 30.10948880694536 -73.89376070266466
 -800.969838262828 14.41321182920152 81.35798879323917
 -436.2289670401626 190.7957246160685 115.1576982330001
 -1124.576619494024 70.48882167069203 -107.4593854862069
 -1132.356252537858 101.8695907013548 -121.6645757521416
 -1180.708627475003 25.02729665178519 -46.71497352204609
 1747.991005070022 -67.6455028862317 -206.9612580082806
 -874.5047942229501 55.67576159191647 130.4083824043536
 -980.2031796667422 39.87519824079988 -141.7848148379515
 -946.8259702634173 -61.5048639623312 85.33084979604043
 -806.6660908285493 -214.7984830194827 82.09483110909328
 -1181.122901178351 -42.40058925320294 -16.66967795009939
 313.9976702554042 61.47132470219231 401.9445580605155
 -1103.375368049759 -109.9287007228161 81.05225513264895
 -808.3767195420007 66.21293977306274 133.0209203567071
 2052.761241250495 -102.0522954704405 1123.093468313936
 -861.8359794466044 -104.8057488187699 105.5594768987642
 -866.9055704411302 -67.25975824395968 110.3908935771116
 -562.0872021042223 -371.4147023819609 175.2589722040225
 -16.09992423512568 106.1058018908315 485.8952763366503
 -114.2289615952718 2.294912074028133 279.7105341279477
 -498.8377038053821 -232.3748609032079 220.5338540698642
 -957.3193761426564 -34.08415993851324 -47.12495298331399
 -765.0848831115711 -104.7279103491316 150.3941561055357
 144.5961217462171 -215.3802836379928 156.554937796395
 897.5820735725707 -109.3983646250131 369.3266750011065
 277.1242393021869 49.6358810153389 496.7526932850121
 -573.1278044386255 -85.6268111128411 151.2361857720813
 1391.709419354656 -582.5745427056776 606.2330067918984
 -956.421936925591 3.133336960529491 51.87965017061172
 -460.5777945305105 -177.7601048814501 191.5029396702588
 69.37012047015689 -10.4213888855793 390.4781175116688
 971.8432052435209 -79.67301283200877 615.0564322547448
 -805.7432214237084 -57.71997902379218 268.6524981704529
 -674.7247489629426 -31.98729125687217 277.6928956207998
 -975.9481084931356 -32.42366812579276 145.2809106417077
 2328.375511582184 136.2096803652298 2042.326752124651
 936.8864366972986 43.11890624218709 903.2517865886213
 -419.289030143434 -35.14600431928981 394.0083532353129
 2080.052028151085 -368.130175760472 1551.64073636783
 -872.0482788527125 3.075079040127775 42.47851217710143
 -981.6364583192722 -26.65422488115927 42.57878177102426
 1468.252166306785 -956.3763846647183 1046.511040290415
 -540.3827113924492 -121.3785500857502 231.7138736544434
 -843.9116024926553 -56.56076718944269 146.680087792456
 793.271354650898 -290.1166367870022 613.5055513423575
 210.3143175692744 -222.5478682574584 502.8411814045231
 103.7965063951225 -259.2311920528945 369.3673614945629
 -944.3662392610231 -166.5688967559988 72.31468849418616
 -1196.136152060683 -80.70235327697125 16.97948106194331
 210.1807841140722 -260.4572306912888 581.8306067262087
 -642.3677170235352 -124.2408262145917 275.0421945040364
 -552.7838367521568 3.473524686870149 198.1605398019114
 431.5328130956324 -252.0698687952337 305.4877712066235
 75.26815751453344 -105.8610684751472 418.2871836742894
 -736.0611708208573 0.4013599187232728 188.0843593700937
 -67.30644127542639 69.95289208873744 441.6627548355728
 71.36905768427096 97.50904227759609 298.5100187993929
 571.4716341641102 71.85312631159381 565.9375193185342
 46.28501596073582 -50.63920879114524 381.6996700991357
 -1126.274007244346 -28.57531914759589 13.21758633010165
 -566.68241555593 -362.1884472350329 248.8670827899033
 -330.861859222706 -425.5131588554448 330.8459400664285
 3581.544055661604 -1062.348910549179 -358.3209695085255
 -1050.414316737115 -193.6130890401512 13.91844203479477
 -1210.951913648551 -98.96108845750567 3.372033655475903
 -521.3846406843204 -298.6519591971002 64.02047874850047
 -576.9424335875674 -379.1892844479119 165.8620133884569
 -921.055474618391 -167.201552868657 66.99332490272981
 -118.2466654487584 -496.7380788625059 273.25297492299
 -86.62979818998704 -327.6701685941374 308.0936925966332
 -567.8095076799893 -325.7273570655054 209.707744790265
 -409.6910279563637 -322.0344090431717 206.8782071457327
 -250.9070566917705 -159.1444713570579 211.0023835374976
 -180.1892080234603 -559.1049182013893 392.2977466687107
 -523.1541168017337 -308.9717356984854 262.7417394530734
 -485.0010316015774 -297.1729243496824 -115.6146161849316
 -942.2323612675325 -224.6529798443757 65.16502160063189
 -536.2997853246304 -329.9179639599878 -36.29433703828517
 677.0815924691479 -709.52872149605 479.4964278717484
 -157.2185016746345 -402.4348180654749 264.6575993197742
 -494.7677588299244 -216.9628173786555 262.1977050082561
 560.4869628011251 -489.5476607059778 382.8052530900068
 -971.2417714093884 -129.3924227479982 -10.28018679166998
 406.0799178992552 -425.2222032878756 60.85413879424782
 -734.5050910166842 -193.6304601068763 119.5682759603852
 -1002.869802358689 -218.0676769556153 -14.53643818613624
 -593.7709189121041 -232.4892428631786 59.55105498956297
 -1065.515671460794 -125.5280539624757 -76.04191673847286
 2639.614439457346 -964.2257742450015 434.6216619990465
 1133.115396388696 -253.4387040380864 894.5056768948463
 -571.8022058507171 -362.2975485661616 -84.3279576638449
 -195.6040975195254 -570.1080825657036 92.19391257348681
 824.1916321697013 -737.4607830246171 78.04300432989696
 516.5428268188894 -533.9131301420765 52.49219648354689
 -962.3262851984183 -119.912971536913 -82.79967875641441
 -385.9418761025917 -446.79930401054 12.13644771964877
 1215.37645400501 -1070.582008294405 402.1924459957519
 -746.2597496155244 -185.9017057806868 12.63519886900404
 -1122.716307065794 -64.52301107183082 -38.86071166277914
 -550.1225988965895 -238.993950852105 0.1857110529061012
 879.8457122993589 -886.3510609110261 611.1120280772151
 -948.6717170764413 -194.893793309851 112.3768013798599
 -635.9175133699055 -248.5611480336916 164.4962051275091
 -1135.181866360082 -119.8102327865971 11.59278267123646
 -535.7919011936302 -318.7008719260477 163.0646802409657
 45.69038454479146 -619.5789232305674 328.2669570226328
 724.8109097854308 -1037.056644918134 768.7532205668896
 -573.6547062134654 -315.6843830682717 52.28854416549166
 1066.102631340974 -1007.104445287216 703.6912875679418
 -482.2022496530213 -539.7256122550032 230.6035563046338
 1463.190908822122 -895.3637089777719 184.6350783365293
 3467.210969859502 -1475.82675821072 361.1381203329512
 -1129.129994747518 -233.5876201288262 86.98854382082783
 -1111.094708954418 -104.007988433664 -37.05671219737376
 1751.551733697519 -1304.800359270246 187.81434791229


# name: Xpx
# type: matrix
# rows: 2
# columns: 1
 4
 -4


# name: ans
# type: scalar
3


# name: avgeig
# type: scalar
110495.6585073978


# name: c2
# type: scalar
0.2500000000000001


# name: classlabs
# type: matrix
# rows: 384
# columns: 1
 1
 1
 1
 1
 1
 1
 1
 1
 1
 1
 1
 1
 1
 1
 1
 1
 1
 1
 1
 1
 1
 1
 1
 1
 1
 1
 1
 1
 1
 1
 1
 1
 1
 1
 1
 1
 1
 1
 1
 1
 1
 1
 1
 1
 1
 1
 1
 1
 1
 1
 1
 1
 1
 1
 1
 1
 1
 1
 1
 1
 1
 1
 1
 1
 1
 1
 1
 2
 2
 2
 2
 2
 2
 2
 2
 2
 2
 2
 2
 2
 2
 2
 2
 2
 2
 2
 2
 2
 2
 2
 2
 2
 2
 2
 2
 2
 2
 2
 2
 2
 2
 2
 2
 2
 2
 2
 2
 2
 2
 2
 2
 2
 2
 2
 2
 2
 2
 2
 2
 2
 2
 2
 2
 2
 2
 2
 2
 2
 2
 2
 2
 2
 2
 2
 2
 2
 2
 2
 2
 2
 2
 2
 2
 2
 2
 2
 2
 2
 2
 2
 2
 2
 2
 2
 2
 2
 2
 2
 2
 2
 2
 2
 2
 2
 2
 2
 2
 2
 2
 2
 2
 2
 2
 2
 2
 2
 2
 2
 2
 2
 2
 2
 2
 2
 2
 2
 2
 2
 2
 2
 2
 2
 2
 2
 2
 2
 2
 2
 2
 2
 2
 2
 3
 3
 3
 3
 3
 3
 3
 3
 3
 3
 3
 3
 3
 3
 3
 3
 3
 3
 3
 3
 3
 3
 3
 3
 3
 3
 3
 3
 3
 3
 3
 3
 3
 3
 3
 3
 3
 3
 3
 3
 3
 3
 3
 3
 3
 3
 3
 3
 3
 3
 3
 3
 3
 3
 3
 3
 3
 3
 3
 3
 3
 3
 3
 3
 3
 3
 3
 3
 3
 3
 3
 3
 3
 3
 3
 4
 4
 4
 4
 4
 4
 4
 4
 4
 4
 4
 4
 4
 4
 4
 4
 4
 4
 4
 4
 4
 4
 4
 4
 4
 4
 4
 4
 4
 4
 4
 4
 4
 4
 4
 4
 4
 4
 4
 4
 4
 4
 4
 4
 4
 4
 4
 4
 4
 4
 4
 4
 5
 5
 5
 5
 5
 5
 5
 5
 5
 5
 5
 5
 5
 5
 5
 5
 5
 5
 5
 5
 5
 5
 5
 5
 5
 5
 5
 5
 5
 5
 5
 5
 5
 5
 5
 5
 5
 5
 5
 5
 5
 5
 5
 5
 5
 5
 5
 5
 5
 5
 5
 5
 5
 5
 5


# name: covm
# type: matrix
# rows: 17
# columns: 17
 59818.85019582245 52454.35190926893 61165.48156005223 51052.21630221934 45281.64662206266 35101.28867493474 39848.91285900785 42368.83379569191 42492.39915143607 90491.2449412533 71217.97576697124 58397.10084856399 44848.70814295035 52349.59489229763 54688.58730417753 57089.04397845954 64690.5864882507
 52454.35190926893 72227.75064594185 97338.62816851596 71317.45809535449 55357.05550342689 43289.54480798526 41683.2868526981 40850.28522764358 37387.3810106615 93565.8487135553 89766.78928008035 72948.75834965197 52998.81723917538 59784.57450092485 55464.49925206703 54619.70635471061 58319.75834965197
 61165.48156005223 97338.62816851596 194825.1461869016 142343.5383349649 98465.48233518277 65941.90472693658 54015.40627719765 43875.58293896868 36126.24145996515 118976.2507887295 139462.1213963226 121679.0411771108 86581.6094293949 90173.08185106592 74385.9993200607 63896.6327649041 62014.6051457788
 51052.21630221934 71317.45809535449 142343.5383349649 125591.0119057334 100271.9266277742 67511.65683474755 57776.63035791988 47495.39582653393 37020.9206647085 91517.2038865318 108514.8292197021 102670.5052491296 78268.25861482824 87702.11134002412 75295.18813914286 65242.65572644705 58643.97522302008
 45281.64662206266 55357.05550342689 98465.48233518277 100271.9266277742 106593.2375367167 71409.43998857705 68852.2256037859 56876.94653639034 44211.81519255872 83081.10007343339 88353.92785166451 90947.38552545691 73441.82569761746 88705.86461733025 82428.78553361616 75167.47166693861 64793.18970300259
 35101.28867493474 43289.54480798526 65941.90472693658 67511.65683474755 71409.43998857705 61152.98691797212 58710.11330504787 50943.35635607052 40590.49483246307 68661.08472040908 67922.74479166651 62852.58545474338 53567.80245050044 69875.5911254352 64541.68083659707 63142.66162151872 56746.88571583982
 39848.91285900785 41683.2868526981 54015.40627719765 57776.63035791988 68852.2256037859 58710.11330504787 73483.0677763272 69096.18953981721 55138.90654917324 84191.37592471739 69623.28799499552 62982.12086597044 53279.2614501741 72779.65733790261 78132.35014142742 79442.24741623158 74108.50206701482
 42368.83379569191 40850.28522764358 43875.58293896868 47495.39582653393 56876.94653639034 50943.35635607052 69096.18953981721 76837.71012157311 62088.30752284596 88108.56833387722 66704.09434154695 55322.28027088779 47210.74218749999 64962.79726256533 74975.09958387734 79783.70979520241 77683.2933257181
 42492.39915143607 37387.3810106615 36126.24145996515 37020.9206647085 44211.81519255872 40590.49483246307 55138.90654917324 62088.30752284596 60232.05211053095 95291.04596388177 66514.08939838978 53294.53144038293 43780.29784051337 55688.42022954738 64078.83806570931 73310.49072563103 76885.36956048747
 90491.2449412533 93565.8487135553 118976.2507887295 91517.2038865318 83081.10007343339 68661.08472040908 84191.37592471739 88108.56833387722 95291.04596388177 246293.8348291985 180196.526177654 136012.9246627506 96431.72308801119 113530.2017107268 120034.6796399044 130846.6299091604 151861.0343233251
 71217.97576697124 89766.78928008035 139462.1213963226 108514.8292197021 88353.92785166451 67922.74479166651 69623.28799499552 66704.09434154695 66514.08939838978 180196.526177654 172340.7212725746 135371.5571420796 95051.07103323548 106385.769385063 101336.7960046779 97816.79680020687 109128.6250271976
 58397.10084856399 72948.75834965197 121679.0411771108 102670.5052491296 90947.38552545691 62852.58545474338 62982.12086597044 55322.28027088779 53294.53144038293 136012.9246627506 135371.5571420796 123549.5377502179 87851.60457462992 96576.08662423849 90616.02420583091 87122.13101066119 88297.96855961677
 44848.70814295035 52998.81723917538 86581.6094293949 78268.25861482824 73441.82569761746 53567.80245050044 53279.2614501741 47210.74218749999 43780.29784051337 96431.72308801119 95051.07103323548 87851.60457462992 69658.0039096495 77586.11871056339 72706.10388109216 70103.41766617695 68223.60196366394
 52349.59489229763 59784.57450092485 90173.08185106592 87702.11134002412 88705.86461733025 69875.5911254352 72779.65733790261 64962.79726256533 55688.42022954738 113530.2017107268 106385.769385063 96576.08662423849 77586.11871056339 99661.72600495002 94973.38961869007 91733.54976474088 86780.99785139228
 54688.58730417753 55464.49925206703 74385.9993200607 75295.18813914286 82428.78553361616 64541.68083659707 78132.35014142742 74975.09958387734 64078.83806570931 120034.6796399044 101336.7960046779 90616.02420583091 72706.10388109216 94973.38961869007 102000.2362652306 100275.0971904916 97671.57511966913
 57089.04397845954 54619.70635471061 63896.6327649041 65242.65572644705 75167.47166693861 63142.66162151872 79442.24741623158 79783.70979520241 73310.49072563103 130846.6299091604 97816.79680020687 87122.13101066119 70103.41766617695 91733.54976474088 100275.0971904916 112829.8748300152 109357.2354493037
 64690.5864882507 58319.75834965197 62014.6051457788 58643.97522302008 64793.18970300259 56746.88571583982 74108.50206701482 77683.2933257181 76885.36956048747 151861.0343233251 109128.6250271976 88297.96855961677 68223.60196366394 86780.99785139228 97671.57511966913 109357.2354493037 121330.4463664057


# name: cs
# type: matrix
# rows: 1
# columns: 17
 250.78125 284.0807291666667 405.7552083333333 354.5338541666667 331.5078125 308.4947916666667 305.1979166666667 299.9921875 300.2604166666667 427.2239583333333 433.3776041666667 391.1145833333333 338.4192708333333 343.4505208333333 327.3802083333333 331.9505208333333 340.1145833333333


# name: data
# type: matrix
# rows: 384
# columns: 17
 185 153 134 189 204 324 142 128 528 819 790 488 477 322 237 341 526
 352 295 355 308 361 356 294 212 541 1286 813 595 490 398 400 389 692
 87 115 183 104 79 77 71 88 101 191 172 134 111 74 43 70 83
 259 296 178 154 160 189 259 427 370 335 306 224 202 137 216 238 317
 78 246 121 88 115 149 130 108 231 265 138 162 130 151 107 123 215
 209 262 231 140 148 165 184 271 416 465 351 243 198 162 179 252 324
 114 273 179 125 115 145 289 491 478 530 369 218 187 176 295 483 411
 159 143 224 157 166 187 191 313 328 415 297 133 155 149 209 205 322
 60 135 176 91 67 99 143 238 260 171 161 124 113 72 113 140 163
 180 257 184 169 153 146 216 337 276 303 208 164 164 143 134 222 232
 255 106 70 87 116 176 118 85 177 441 445 353 230 204 116 151 287
 187 238 523 345 267 308 286 203 198 316 339 287 263 269 216 160 151
 235 263 160 165 303 468 429 880 903 1794 1437 725 535 570 621 739 1194
 380 256 201 256 320 327 245 366 795 1862 1180 640 544 388 327 517 959
 151 210 197 99 75 90 143 203 229 333 334 193 138 116 194 168 243
 677 198 177 241 353 255 305 370 566 840 738 587 540 483 484 478 587
 510 342 261 430 576 519 500 424 781 1041 844 813 679 540 667 906 917
 955 605 662 508 713 801 909 676 926 1592 1128 1092 946 862 1017 1498 1549
 662 325 202 315 374 420 291 377 599 960 766 732 621 609 659 1055 806
 225 196 202 139 191 320 285 169 292 788 413 392 282 329 321 418 626
 627 414 396 535 548 502 648 676 732 1366 920 650 522 570 824 691 784
 423 173 129 165 185 238 242 236 176 335 518 389 315 349 291 247 251
 974 980 843 547 314 435 609 609 843 1436 1255 977 833 795 870 933 970
 160 128 112 80 72 75 64 79 145 203 174 93 79 33 71 65 110
 439 250 150 172 147 143 232 500 584 506 517 655 629 436 424 281 307
 813 302 167 229 297 208 184 283 350 659 823 682 480 539 512 484 854
 769 606 531 622 822 757 796 768 994 1320 1182 824 865 1126 1065 1017 1362
 166 238 141 93 88 109 83 85 204 326 336 282 218 174 132 169 284
 270 303 98 123 176 227 209 184 263 388 313 275 282 189 220 259 227
 1074 1517 1956 1619 1902 1202 1171 1011 932 1704 1464 1287 962 1139 1046 1238 1166
 1649 1600 1170 833 540 404 383 513 563 596 446 351 291 280 384 443 805
 137 31 42 64 77 139 230 436 556 375 328 225 331 260 330 287 456
 632 857 1361 1203 910 472 309 237 269 569 506 364 333 306 463 445 626
 174 144 122 116 120 168 224 212 260 308 294 242 216 189 222 223 275
 215 214 270 265 309 327 264 260 429 1169 858 529 428 461 463 674 866
 758 534 330 142 94 59 173 561 708 1142 755 470 325 182 266 402 650
 141 161 157 121 158 129 97 139 256 417 278 258 197 152 159 172 244
 127 55 58 72 53 39 37 75 126 157 111 93 84 46 51 36 43
 153 92 45 62 128 247 136 109 275 974 883 568 385 314 235 263 395
 441 624 341 376 573 666 743 606 721 1769 1576 1100 749 760 734 733 1075
 217 300 288 212 219 334 346 250 408 665 551 377 333 282 288 367 404
 128 86 76 133 217 251 343 482 594 424 297 218 216 242 316 338 358
 90 105 65 41 64 63 90 142 228 155 92 65 34 57 74 98 117
 157 236 144 171 188 135 143 214 267 415 230 159 125 185 167 209 168
 51 38 25 35 43 30 66 79 138 86 60 48 46 63 57 66 87
 480 341 338 424 420 501 398 348 557 1579 1230 989 631 580 492 633 821
 91 70 38 62 105 143 82 68 191 633 423 258 184 159 117 115 259
 102 86 165 146 123 160 146 150 164 269 286 210 182 152 151 124 187
 806 386 252 269 308 255 274 373 467 873 668 664 548 499 552 486 938
 218 149 110 134 173 208 122 127 298 615 413 197 198 147 132 115 395
 150 76 50 39 30 39 47 57 80 121 103 92 105 71 64 85 119
 393 172 140 249 311 334 301 361 554 858 632 611 502 461 465 653 716
 174 168 97 102 91 97 57 135 247 280 247 165 155 64 91 124 202
 226 161 103 117 169 232 224 235 370 689 600 458 314 254 218 370 485
 158 214 120 73 119 104 111 210 244 298 249 216 127 112 120 178 224
 127 158 58 41 104 107 210 213 433 367 192 183 165 124 168 396 453
 575 333 127 99 121 122 139 238 305 450 446 411 359 248 287 251 435
 561 332 216 220 180 248 132 174 266 469 387 333 243 310 297 342 374
 756 943 747 756 471 454 717 1624 1021 1081 937 551 383 579 919 1038 1115
 1247 955 962 896 973 1035 2068 1763 1445 4268 2636 2031 1262 2210 2859 2623 3367
 1075 616 384 469 261 305 359 369 455 919 939 707 721 694 655 630 815
 225 172 240 160 168 136 151 171 185 275 231 211 158 173 155 129 244
 410 270 267 226 202 190 154 210 295 317 383 450 316 312 242 281 325
 1158 1063 1253 1024 840 835 707 866 683 1586 1610 1372 1095 1299 1246 950 845
 98 147 276 172 149 176 106 99 231 667 599 444 326 262 190 184 362
 328 151 114 110 173 203 258 435 593 657 342 329 254 307 425 656 535
 366 442 280 263 244 294 317 366 382 261 238 305 329 331 355 366 354
 174 333 747 312 110 120 144 88 104 392 443 297 193 197 142 112 144
 562 785 1756 949 659 612 467 563 455 1207 1325 643 647 657 509 464 508
 153 510 620 260 224 235 157 130 238 428 659 409 284 276 178 203 211
 51 561 1004 892 361 271 206 113 90 345 654 562 381 304 222 150 141
 445 1620 2485 1303 916 808 738 636 303 791 1288 1624 1035 839 687 868 433
 149 1045 1344 1305 998 1013 717 571 323 1152 1870 1388 989 1074 769 614 601
 61 103 293 259 185 130 90 75 68 152 228 220 167 121 101 73 63
 207 745 1727 1136 634 480 371 295 229 1005 1532 1235 763 657 508 350 431
 290 547 1508 1217 826 633 482 372 260 1010 1158 1064 611 638 518 386 344
 89 180 442 287 202 219 136 126 126 320 475 356 278 267 191 144 113
 115 186 360 282 170 114 117 105 116 211 298 241 213 183 140 119 123
 54 81 266 226 134 122 110 86 89 157 250 170 170 155 126 57 134
 139 242 396 323 203 183 149 118 134 258 315 339 251 149 148 134 123
 60 138 247 180 126 122 107 136 167 202 288 244 187 126 143 101 115
 80 172 227 191 172 150 165 138 168 193 253 315 224 251 215 188 180
 48 58 144 128 86 83 51 37 44 68 70 66 61 75 59 34 38
 53 86 189 128 68 83 47 47 68 101 197 202 121 77 78 39 55
 208 326 560 335 210 204 170 169 203 232 389 364 244 195 152 205 170
 68 140 348 197 107 70 52 26 58 67 173 137 146 65 39 54 46
 48 56 92 53 45 56 40 32 42 79 118 111 93 66 42 40 58
 164 277 489 384 202 177 170 129 171 283 367 375 236 220 187 156 136
 293 518 1204 867 845 698 425 378 432 787 1257 1168 685 757 529 399 598
 552 1080 447 258 287 466 435 299 217 1161 1840 1181 830 979 828 507 553
 69 139 179 122 110 106 98 91 103 99 136 104 79 76 77 51 62
 267 244 429 460 392 301 287 279 248 412 451 453 392 282 290 248 272
 190 306 694 434 235 180 151 145 189 486 388 327 212 268 156 170 135
 213 252 551 286 81 100 39 38 129 265 260 137 155 82 78 71 97
 134 323 595 234 184 149 136 103 122 349 399 289 215 202 132 104 100
 99 149 408 319 163 117 75 52 87 164 319 255 216 160 110 67 100
 242 307 460 342 229 256 230 239 234 309 329 292 277 245 266 247 262
 213 368 582 307 188 161 170 131 152 378 402 188 228 220 143 104 169
 287 278 471 441 342 274 250 226 285 560 563 445 420 347 259 233 277
 622 947 1964 1452 1079 645 550 446 426 1566 1758 1616 1082 842 798 515 672
 216 450 1108 663 497 326 266 158 193 545 649 614 426 266 265 180 198
 193 306 868 423 240 185 203 158 200 520 595 557 462 388 237 185 241
 564 742 1562 1222 857 598 425 344 437 904 1191 1287 838 706 558 511 462
 666 774 1549 1643 1482 1021 773 647 764 1455 1268 1475 978 1215 957 892 831
 78 502 823 456 279 197 123 90 86 334 513 524 436 313 177 163 168
 17 59 106 93 57 37 18 18 19 28 82 90 89 36 19 12 15
 216 356 817 500 267 242 216 172 221 627 740 535 397 418 270 239 269
 293 475 1089 733 380 474 387 301 357 404 468 600 521 595 368 370 359
 588 876 1176 950 843 688 848 704 621 1164 980 933 716 878 926 788 867
 625 575 1127 685 509 424 408 468 360 764 948 647 428 546 447 329 352
 118 202 425 287 212 167 139 113 95 140 250 220 181 118 101 60 53
 134 153 537 356 235 169 134 108 116 292 447 439 257 211 148 92 139
 64 110 173 112 74 47 36 31 81 171 240 227 142 127 84 95 105
 135 175 299 232 179 121 130 92 125 210 406 380 249 247 189 96 142
 273 250 716 496 416 248 261 136 169 320 434 457 269 314 258 153 137
 188 390 1007 820 514 279 209 179 251 585 627 751 524 341 250 193 226
 69 53 164 110 71 58 60 54 66 111 91 107 98 69 70 77 54
 72 147 383 190 103 87 37 36 49 124 196 195 129 96 75 21 51
 250 344 620 520 416 417 413 383 340 375 605 491 467 459 411 436 293
 311 267 207 156 182 164 206 206 278 316 333 281 200 244 272 239 221
 186 265 402 407 242 213 189 201 160 275 408 362 284 272 230 172 160
 731 770 1376 1033 759 744 585 581 415 662 979 737 650 888 671 393 380
 265 555 1146 499 176 431 358 247 255 775 1300 687 419 484 348 234 298
 145 876 1432 647 410 527 346 237 175 838 1260 751 509 572 397 259 243
 198 262 1052 1067 1085 919 546 423 273 428 669 988 780 879 702 747 391
 147 544 414 237 127 218 124 154 322 880 956 868 574 660 762 842 1145
 1466 1639 2039 1107 537 686 493 937 1394 4741 2438 1483 1326 1444 1354 1946 2305
 20 80 519 212 51 97 87 67 54 328 711 534 286 269 138 80 111
 213 97 24 41 74 66 54 43 98 148 199 183 122 100 91 111 142
 182 270 559 479 555 461 413 256 249 317 426 395 450 391 363 289 241
 182 163 230 116 110 122 116 84 85 121 199 181 165 56 123 127 119
 463 464 814 614 294 290 236 247 351 553 703 510 500 485 476 522 540
 950 913 1166 778 576 418 455 616 964 1638 1131 1278 1085 966 967 1062 1346
 398 185 169 212 186 200 199 266 388 474 527 459 407 382 374 376 430
 381 417 508 459 316 235 220 157 219 316 439 449 399 332 286 281 292
 92 141 393 268 179 160 79 142 180 310 334 364 227 165 169 148 142
 118 98 462 286 295 297 189 132 133 262 398 393 299 282 188 130 182
 205 318 1014 919 826 595 534 323 353 708 1080 1235 1002 674 627 461 503
 225 233 373 189 116 158 178 130 160 164 265 248 190 96 140 140 166
 309 634 1005 1314 1215 1013 803 764 708 509 976 915 655 806 654 619 660
 226 427 960 545 257 218 145 111 177 357 345 381 292 208 182 148 164
 172 166 377 227 157 182 145 161 148 189 266 201 179 201 164 117 141
 158 185 209 311 271 229 187 181 234 304 345 318 291 180 159 123 227
 858 975 1833 1149 1493 818 956 755 720 1264 1458 1462 973 870 805 717 745
 355 417 644 503 504 417 339 327 368 580 549 598 527 546 471 558 458
 14 30 108 59 20 30 22 12 19 50 101 115 57 36 32 19 23
